time (s)	theta (A)	maj axis/z0	min axis/z0	crossing#mod 255
8205.666633	29.155966	1.889058	-0.140108	53
8207.702330	27.339027	1.897728	-0.138630	55
8209.742964	27.606796	1.870878	-0.135060	57
8211.785694	29.035652	1.874008	-0.134031	59
8213.822454	27.688894	1.881015	-0.133556	61
8215.861362	26.879725	1.866254	-0.131656	63
8217.904670	28.262611	1.866558	-0.130005	65
8219.944635	28.497185	1.869695	-0.130544	67
8221.981579	27.574863	1.866917	-0.129821	69
8224.019512	26.906717	1.866930	-0.129587	71
8226.059851	26.695379	1.861266	-0.129983	73
8228.100593	27.006197	1.860700	-0.129967	75
8230.140536	27.042131	1.857436	-0.129241	77
8232.180382	27.175928	1.855986	-0.128542	79
8234.219568	27.115715	1.854757	-0.128523	81
8236.257651	26.713984	1.849856	-0.128558	83
8238.296320	26.838243	1.845995	-0.127796	85
8240.335648	26.951807	1.840436	-0.127087	87
8242.377327	26.941265	1.834623	-0.126679	89
8244.419278	26.947542	1.837216	-0.126382	91
8246.458200	26.922327	1.836191	-0.125128	93
8248.494612	26.680367	1.840177	-0.123976	95
8250.533477	26.711660	1.830333	-0.123001	97
8252.576526	26.531862	1.828728	-0.123261	99
8254.617596	26.565702	1.834347	-0.122624	101
8256.655391	26.539764	1.830233	-0.121833	103
8258.692883	26.294281	1.825442	-0.120508	105
8260.732163	26.238398	1.819536	-0.119198	107
8262.773224	26.206902	1.818774	-0.117173	109
8264.814380	26.403219	1.814721	-0.114925	111
8266.854846	26.353447	1.811708	-0.112465	113
8268.895168	26.490330	1.807655	-0.109519	115
8270.935015	26.468863	1.808229	-0.108557	117
8272.974264	26.320276	1.802961	-0.107756	119
8275.013157	26.154715	1.801691	-0.106874	121
8277.051836	25.855778	1.802531	-0.105923	123
8279.089929	25.406122	1.807857	-0.106513	125
8281.128422	24.929193	1.795642	-0.107177	127
8283.168577	25.075541	1.791302	-0.105842	129
8285.210330	25.666239	1.784408	-0.104744	131
8287.251939	26.369715	1.788249	-0.104858	133
8289.291165	26.210886	1.782834	-0.104881	135
8291.328475	25.253212	1.789755	-0.103963	137
8293.366533	24.788609	1.784296	-0.103945	139
8295.406681	24.864084	1.773556	-0.102708	141
8297.448246	25.481359	1.771123	-0.101876	143
8299.489238	25.835829	1.774020	-0.102577	145
8301.529685	26.010904	1.757615	-0.101416	147
8303.568785	25.742321	1.765290	-0.101026	149
8305.607548	25.545609	1.761966	-0.100876	151
8307.646910	25.254154	1.765173	-0.100706	153
8309.686481	25.488663	1.756824	-0.099581	155
8311.726031	25.339878	1.763206	-0.099487	157
8313.765821	25.467934	1.761464	-0.099919	159
8315.805092	25.082573	1.761288	-0.098988	161
8317.843415	24.958984	1.753542	-0.098964	163
8319.881163	24.805511	1.749236	-0.098281	165
8321.918938	24.472507	1.746079	-0.097481	167
8323.958845	24.506336	1.744177	-0.095575	169
8326.000047	24.639971	1.737174	-0.095396	171
8328.041605	24.677301	1.740721	-0.094472	173
8330.081913	24.730997	1.739021	-0.093397	175
8332.120975	24.612917	1.735909	-0.093025	177
8334.158880	24.510702	1.730388	-0.092954	179
8336.196777	24.328545	1.730502	-0.092146	181
8338.235504	24.183334	1.727792	-0.090411	183
8340.274720	24.016260	1.724186	-0.089844	185
8342.314046	23.909002	1.719499	-0.090389	187
8344.353518	23.877869	1.718519	-0.090358	189
8346.392870	23.670128	1.713348	-0.089935	191
8348.432534	23.757055	1.709085	-0.087818	193
8350.472268	23.768984	1.704030	-0.086395	195
8352.512016	23.726959	1.700378	-0.086234	197
8354.552520	24.042017	1.701267	-0.085373	199
8356.593587	24.355471	1.690881	-0.085190	201
8358.634219	24.573174	1.697970	-0.084360	203
8360.673525	24.576591	1.693592	-0.084442	205
8362.711937	24.163803	1.696267	-0.083443	207
8364.750060	23.701797	1.694261	-0.081865	209
8366.787383	23.321577	1.695295	-0.080808	211
8368.826373	23.048004	1.680912	-0.080623	213
8370.866322	23.114960	1.673455	-0.080180	215
8372.906432	23.301973	1.669350	-0.080386	217
8374.946924	23.451099	1.668831	-0.080170	219
8376.987469	23.618561	1.666799	-0.079865	221
8379.026486	23.771711	1.668865	-0.080188	223
8381.066994	23.692461	1.668432	-0.079244	225
8383.105642	23.659632	1.667310	-0.079435	227
8385.144352	23.597353	1.664654	-0.077475	229
8387.182974	23.406790	1.659622	-0.075570	231
8389.220539	23.165707	1.651534	-0.075329	233
8391.259076	23.082245	1.649955	-0.075378	235
8393.297650	23.104406	1.646867	-0.074593	237
8395.337065	23.107431	1.648483	-0.072878	239
8397.377436	23.070477	1.639527	-0.072975	241
8399.418369	23.083487	1.634127	-0.072721	243
8401.459589	23.072142	1.633997	-0.071956	245
8403.500096	23.254622	1.628472	-0.072063	247
8405.539633	23.305000	1.626445	-0.072824	249
8407.578113	23.283125	1.627939	-0.072176	251
8409.616521	23.148975	1.623182	-0.072128	253
8411.655224	23.012259	1.627632	-0.072783	255
8413.693524	22.807798	1.624427	-0.073328	1
8415.731622	22.715378	1.620569	-0.073093	3
8417.771861	22.655134	1.616325	-0.072884	5
8419.811467	22.609051	1.613869	-0.071504	7
8421.851272	22.562956	1.606411	-0.071518	9
8423.891271	22.745796	1.602997	-0.071194	11
8425.931748	22.887817	1.603092	-0.070582	13
8427.972065	23.077839	1.602331	-0.070376	15
8430.011987	23.204376	1.602661	-0.070068	17
8432.051185	23.061548	1.596936	-0.069231	19
8434.089949	22.900869	1.602545	-0.069191	21
8436.127937	22.675604	1.602565	-0.068483	23
8438.166113	22.429701	1.597816	-0.067098	25
8440.203885	22.078768	1.598814	-0.066312	27
8442.242654	22.022163	1.591101	-0.066162	29
8444.281878	21.827255	1.592432	-0.066119	31
8446.321532	21.962017	1.589813	-0.065196	33
8448.361344	21.905493	1.583376	-0.064100	35
8450.400963	21.991062	1.578059	-0.062167	37
8452.440531	21.970430	1.575888	-0.061716	39
8454.479819	21.977253	1.576903	-0.061884	41
8456.518617	21.963968	1.574954	-0.061433	43
8458.557490	21.998787	1.571701	-0.059621	45
8460.596290	21.962318	1.571163	-0.059207	47
8462.635147	21.891960	1.569395	-0.058061	49
8464.673799	21.913588	1.565559	-0.057426	51
8466.713374	21.981388	1.561879	-0.055499	53
8468.753674	22.088585	1.556837	-0.054701	55
8470.794158	22.060740	1.555652	-0.053188	57
8472.835127	22.011742	1.552421	-0.052080	59
8474.875429	22.035954	1.551181	-0.052400	61
8476.914942	21.986519	1.550353	-0.052377	63
8478.954180	22.133770	1.546804	-0.053058	65
8480.992949	22.144815	1.543036	-0.053624	67
8483.031490	22.123020	1.537769	-0.054118	69
8485.070196	22.064562	1.535104	-0.054605	71
8487.108969	22.012009	1.535871	-0.054127	73
8489.147807	21.846870	1.535130	-0.054264	75
8491.186947	21.864576	1.533001	-0.054792	77
8493.226539	21.837252	1.525371	-0.055287	79
8495.266094	21.830544	1.524987	-0.055557	81
8497.306126	21.985321	1.519426	-0.056420	83
8499.345961	22.039410	1.520416	-0.056065	85
8501.385417	22.104172	1.521092	-0.055658	87
8503.424217	22.115866	1.519594	-0.054580	89
8505.463513	21.986732	1.517552	-0.052242	91
8507.501997	21.867300	1.519857	-0.049749	93
8509.540179	21.703255	1.519121	-0.048919	95
8511.578490	21.508055	1.515563	-0.049001	97
8513.616608	21.369299	1.516856	-0.048325	99
