time (s)	theta (A)	maj axis/z0	min axis/z0	crossing#mod 255
6856.555030	28.953457	1.903916	0.118067	27
6858.596459	28.510330	1.895625	0.118002	29
6860.635871	29.241503	1.904755	0.116654	31
6862.674827	29.498648	1.901623	0.115278	33
6864.713656	29.787462	1.890957	0.114696	35
6866.753417	30.115252	1.890549	0.113133	37
6868.792846	30.243080	1.885101	0.112264	39
6870.831623	30.295031	1.886283	0.111260	41
6872.871651	30.342714	1.881864	0.110686	43
6874.911630	30.224529	1.878073	0.109441	45
6876.951553	29.943699	1.867257	0.108394	47
6878.991909	29.849081	1.867258	0.107779	49
6881.032255	30.020407	1.869298	0.105848	51
6883.072882	29.939611	1.864850	0.103775	53
6885.112389	30.047398	1.869133	0.102846	55
6887.151261	30.207714	1.869566	0.100921	57
6889.189486	30.581026	1.865589	0.098265	59
6891.227729	30.543777	1.858173	0.096663	61
6893.266934	30.769197	1.853887	0.095622	63
6895.306235	30.632915	1.851905	0.095022	65
6897.346665	30.702801	1.851883	0.093928	67
6899.386979	30.618904	1.841396	0.092934	69
6901.427784	30.596724	1.839779	0.092183	71
6903.467841	30.601463	1.836705	0.091797	73
6905.508512	30.711178	1.834607	0.091601	75
6907.548444	30.415573	1.833602	0.090989	77
6909.587540	30.513607	1.837736	0.091019	79
6911.627141	30.660667	1.834808	0.090808	81
6913.666235	30.875301	1.826749	0.089720	83
6915.705252	30.797972	1.820337	0.088686	85
6917.743847	31.154493	1.819400	0.086409	87
6919.782618	31.507374	1.824276	0.084373	89
6921.821589	31.556154	1.823621	0.082091	91
6923.861571	31.686979	1.818391	0.079906	93
6925.901785	31.432280	1.814435	0.077722	95
6927.942731	31.043615	1.816841	0.076034	97
6929.983680	30.839701	1.811043	0.076170	99
6932.024077	30.579258	1.808760	0.075752	101
6934.064166	30.702429	1.808378	0.074699	103
6936.103810	30.709837	1.802231	0.073581	105
6938.142879	31.005705	1.800319	0.071766	107
6940.182178	31.115391	1.792441	0.071457	109
6942.221612	31.164505	1.790637	0.071999	111
6944.260918	31.169334	1.787684	0.071007	113
6946.300581	31.145756	1.787419	0.069625	115
6948.340288	31.137487	1.785901	0.068388	117
6950.380579	31.292515	1.782216	0.067180	119
6952.420560	31.210966	1.779832	0.066266	121
6954.460335	31.132023	1.776886	0.065157	123
6956.499594	31.065687	1.775851	0.063226	125
6958.538637	31.144468	1.778808	0.062671	127
6960.577370	31.276724	1.773779	0.061226	129
6962.615573	31.458252	1.771773	0.059844	131
6964.654277	31.536440	1.770863	0.058632	133
6966.692987	31.490606	1.766791	0.057292	135
6968.732416	31.519053	1.768329	0.055385	137
6970.772251	31.508564	1.762559	0.054848	139
6972.812527	31.431398	1.759791	0.054424	141
6974.852774	31.432283	1.758619	0.053947	143
6976.893322	31.406937	1.748588	0.052716	145
6978.932605	31.395084	1.749937	0.053528	147
6980.972112	31.425545	1.746366	0.051486	149
6983.011691	31.527063	1.744283	0.051251	151
6985.051080	31.485836	1.743938	0.051211	153
6987.090118	31.565659	1.741553	0.050371	155
6989.129140	31.735643	1.739893	0.049601	157
6991.168139	31.778090	1.740853	0.048655	159
6993.207461	31.902431	1.738775	0.048578	161
6995.246996	31.849747	1.735584	0.048595	163
6997.286916	31.841642	1.732043	0.047024	165
6999.326857	31.728170	1.725706	0.045810	167
7001.367192	31.581411	1.728397	0.044262	169
7003.407726	31.272135	1.718593	0.043096	171
7005.448264	31.213646	1.722494	0.042416	173
7007.488237	31.147955	1.720926	0.040671	175
7009.528383	31.087494	1.715535	0.040296	177
7011.568290	31.170980	1.713856	0.039963	179
7013.607730	31.209686	1.710396	0.039793	181
7015.647406	31.278900	1.706175	0.038882	183
7017.686835	31.398331	1.707589	0.038632	185
7019.726100	31.359705	1.706092	0.037558	187
7021.765763	31.516291	1.700540	0.036532	189
7023.805412	31.382923	1.699206	0.035490	191
7025.844847	31.463802	1.697160	0.033802	193
7027.884283	31.465565	1.696487	0.033044	195
7029.923264	31.473106	1.695610	0.032902	197
7031.962280	31.466751	1.692109	0.033108	199
7034.001062	31.510857	1.688470	0.031949	201
7036.039480	31.551195	1.688576	0.032372	203
7038.077798	31.552235	1.694459	0.032090	205
7040.116471	31.577297	1.686121	0.031493	207
7042.155742	31.557837	1.683361	0.031512	209
7044.194907	31.565037	1.680962	0.031264	211
7046.234417	31.520103	1.675745	0.031429	213
7048.274231	31.533026	1.672522	0.031321	215
7050.314019	31.506567	1.672202	0.030509	217
7052.353691	31.571915	1.666872	0.031167	219
7054.393527	31.575130	1.669602	0.031544	221
7056.432735	31.527140	1.664356	0.030726	223
7058.472226	31.571758	1.660509	0.030468	225
7060.511468	31.630033	1.662148	0.030613	227
7062.550509	31.607096	1.662781	0.030728	229
7064.589911	31.655531	1.658815	0.029484	231
7066.629113	31.709650	1.657756	0.028833	233
7068.668511	31.837414	1.658427	0.029641	235
7070.708148	31.746035	1.656738	0.029447	237
7072.748050	31.685230	1.651553	0.028215	239
7074.788221	31.584124	1.645441	0.028472	241
7076.828603	31.438356	1.643296	0.028244	243
7078.868926	31.378622	1.644419	0.027632	245
7080.908834	31.288157	1.637085	0.027468	247
7082.949047	31.313263	1.638415	0.027498	249
7084.989036	31.331293	1.638959	0.027629	251
7087.028556	31.327524	1.632050	0.027821	253
7089.068439	31.350607	1.632021	0.027645	255
7091.107707	31.358135	1.629934	0.027052	1
7093.147154	31.433075	1.626017	0.026023	3
7095.186357	31.380819	1.620831	0.026272	5
7097.225737	31.433146	1.620683	0.026631	7
7099.264917	31.399008	1.620588	0.027114	9
7101.304327	31.418131	1.616621	0.027603	11
7103.342922	31.473808	1.611988	0.028346	13
7105.381679	31.549677	1.609345	0.028469	15
7107.420070	31.481329	1.617200	0.027902	17
7109.458606	31.543377	1.611251	0.027129	19
7111.497361	31.544956	1.605841	0.026005	21
7113.535603	31.531620	1.607788	0.024836	23
7115.574736	31.553516	1.594404	0.023702	25
7117.613603	31.571091	1.596522	0.023439	27
7119.653031	31.625719	1.596055	0.023661	29
7121.692388	31.553717	1.587983	0.023070	31
7123.731988	31.481405	1.589853	0.021775	33
7125.771366	31.539425	1.585808	0.020599	35
7127.810758	31.504040	1.586300	0.020573	37
7129.850482	31.493395	1.583308	0.020179	39
7131.889605	31.536123	1.578697	0.020109	41
7133.929013	31.507378	1.581690	0.019630	43
7135.968417	31.482203	1.582035	0.018683	45
7138.007223	31.586353	1.577432	0.017342	47
7140.046699	31.553705	1.578687	0.016911	49
7142.086414	31.558842	1.573514	0.016111	51
7144.126199	31.396107	1.570755	0.014439	53
7146.165800	31.384373	1.563722	0.013192	55
7148.206044	31.346659	1.562457	0.013009	57
7150.246058	31.270300	1.561900	0.013291	59
7152.286016	31.148161	1.561563	0.012824	61
7154.326004	31.070570	1.564874	0.011311	63
7156.366033	31.031855	1.560499	0.009976	65
7158.405855	31.012886	1.552465	0.010580	67
7160.445480	30.990177	1.552556	0.010303	69
7162.484957	30.945707	1.551292	0.009467	71
